97 94 96 92 90 88 85 72 76 98 78 79 80 82 89 84 77 75 95 83 102 101 103 105 106 107 86 81 93 87 109 99 110 71 111 100 112 114 115 73 91 116 117 108 113 74 104 

169 164 159 154 149 119 104 49 59 74 94 34 184 189 204 209 219 224 229 89 174 129 199 114 64 144 39 124 134 109 194 44 214 54 139 179 84 99 79 69 

40 34 31 55 25 19 64 76 79 37 58 43 88 46 91 61 94 70 67 22 85 97 28 52 49 82 73 100 

111 110 108 107 101 100 98 97 86 87 89 91 92 93 94 95 88 113 103 105 114 116 102 96 118 119 115 117 99 120 121 106 109 85 104 84 90 112 122 

106 104 94 90 88 100 86 62 98 64 102 66 70 108 74 78 116 110 92 58 118 80 56 60 120 122 68 84 82 114 76 96 112 72 124 

81 77 65 45 41 37 85 73 89 33 97 101 109 57 113 117 121 61 53 93 125 129 105 133 49 69 137 141 

50 48 44 40 38 54 46 58 36 64 66 72 56 60 74 62 76 82 80 70 78 42 52 68 

87 83 77 74 63 66 68 69 65 71 62 61 72 92 90 93 81 76 86 85 94 95 82 73 96 97 88 98 79 99 60 64 70 91 67 89 78 100 75 80 101 84 102 103 

132 123 117 105 126 48 120 90 54 102 57 60 66 69 78 81 84 87 135 111 138 141 108 147 150 153 93 72 63 114 156 96 99 129 144 75 51 159 162 

107 95 87 127 131 111 99 135 139 143 151 159 115 147 79 103 123 163 83 119 155 167 91 

31 29 27 26 30 23 37 35 38 39 25 41 40 28 42 34 44 33 22 46 48 45 49 50 32 47 43 24 36 

119 114 104 84 74 69 59 129 99 134 124 89 79 64 139 109 144 94 149 154 

227 222 217 212 207 197 192 167 162 92 97 107 112 122 152 182 237 142 242 147 247 132 157 177 172 252 267 272 277 287 262 187 292 127 232 257 137 297 307 312 302 202 117 282 102 

68 64 60 88 90 92 58 76 84 94 96 62 82 74 72 98 100 102 104 78 66 56 86 70 80 

121 115 111 109 117 107 101 113 93 67 119 69 75 77 79 83 85 73 89 125 87 127 103 97 71 81 129 131 91 133 99 135 137 139 95 141 123 105 143 

129 125 121 93 149 153 169 173 117 133 145 177 97 181 185 113 109 101 137 105 165 157 161 141 

99 95 83 79 91 63 55 107 115 119 123 127 87 67 111 71 131 135 143 75 103 59 147 151 139 

43 41 40 39 46 50 47 49 38 51 52 53 54 56 57 44 58 45 59 42 48 55 60 

158 155 152 137 122 119 116 77 80 89 98 101 104 140 110 95 92 164 113 173 143 176 185 188 86 107 134 83 161 191 149 125 182 146 170 128 167 131 179 194 74 

230 205 200 190 170 160 215 155 90 100 125 140 165 185 95 115 150 235 240 245 195 135 255 120 105 210 145 260 265 220 270 180 250 175 275 225 280 110 130 

